42050
29907
47660
7372
27956
41748
27956
41748
27956
16846
19553
33836
1267
16846
34791
24752
14798
3446
19553
45931
12001
45931
40328
34544
17090
37706
8231
44029
8231
19739
13195
23159
18610
11830
32358
17537
31613
5749
10013
25617
39567
5301
15018
23353
47212
46773
35206
23383
41126
21937
13948
21937
41307
4276
42231
15661
1992
3673
6518
15661
35358
7322
5404
36047
5404
36047
21261
43061
5404
1270
24053
16511
34987
28702
1231
11378
526
32249
526
32249
26057
25549
45386
45960
45386
45960
45386
28540
31781
31696
45794
18781
15192
10443
21478
14448
8580
22867
47647
2608
47647
2608
21885
2594
36672
16435
29719
14105
45150
44625
26934
35737
47610
36357
18018
33912
18380
7120
18018
35205
15644
933
28676
5213
14539
25106
20914
5213
12520
961
11839
18417
11325
22137
11839
22326
8655
9561
25391
19221
2510
12552
2510
26473
39727
15202
43487
18881
36369
3879
11917
22820
24856
16599
29959
22820
29959
20428
20195
42281
23251
9432
23251
9432
19335
35115
10413
2139
6402
26271
6917
46576
10413
2139
33952
31414
10413
12411
40956
21960
46046
35868
40424
22134
24505
29406
28038
23147
17074
46544
9922
47037
47847
20361
43870
25674
27358
45532
5087
5381
11095
38531
35590
44435
13585
18078
39607
46220
1964
46802
28535
6127
25182
18008
44921
12596
31566
32703
47593
19108
28406
28342
21620
29958
47846
45119
44788
21547
36815
45893
37078
44554
25413
44032
1010
18852
17233
40748
47313
11822
16260
15960
7761
47437
2664
28420
44592
5604
17169
39943
23987
45873
39182
43997
39472
34243
18246
44355
46624
3206
29925
16284
11122
18231
31498
16816
47176
43616
31724
40988
44817
16480
14084
26703
20726
21003
35989
38735
852
9077
9959
18521
6077
9976
47518
18869
31486
22213
18568
17710
25335
41671
42898
44048
45004
42982
38189
46983
44727
9846
45312
44366
44174
22264
41816
47810
42546
26492
44351
21873
30187
38453
10269
29565
28147
46958
35462
35225
2647
41533
20352
46701
47492
24345
34606
35537
42975
47635
45081
40646
2191
36461
27571
39138
25206
47893
26280
47758
33968
12775
47944
29224
242
23850
6034
43496
47349
37940
45860
11038
47507
