42050
20316
42050
29907
47660
29907
12803
12202
47786
45724
4058
44908
42891
44908
21746
33490
30255
24498
45736
31332
35314
30463
45849
10651
12703
26235
2452
11604
32872
30369
8859
24049
9837
33543
25546
33543
29285
10490
25546
33543
16098
38762
46396
38762
16848
19380
44830
589
47212
30961
532
29715
3251
10146
20703
10938
19029
976
37135
41203
37135
41203
12173
2228
12173
2228
45658
46608
30541
31432
13441
46608
30541
31432
21261
47641
2126
26310
25475
36825
29625
10980
11569
23511
43822
32709
27062
22809
4993
32709
4447
5657
4447
5657
33917
28540
31781
31696
31768
9687
29751
28442
8192
7252
15192
9687
29414
18781
29414
18781
29414
18781
29414
18781
29414
18781
19858
3562
29414
18781
19858
3562
30812
5625
10954
46265
44634
46265
44634
13720
22571
3383
37481
24608
21267
47145
3416
30386
11987
30566
9881
35567
16693
5871
35728
20344
4381
23352
45218
28613
34326
36428
15840
25351
35139
33719
42508
2155
7141
28637
2684
11194
1740
32597
3768
32597
3768
32597
44688
38993
38356
7028
39998
45304
6274
13593
6274
7236
3083
29891
26954
25138
26954
9547
45684
15682
45468
26227
25742
34204
27829
41668
26119
42380
2081
21960
47672
41644
35860
24670
24505
29406
46257
40498
39299
46104
39171
24408
47847
20361
43870
25674
43801
45675
46224
40769
11095
38531
35590
44435
13585
18078
39607
46220
37446
38380
28535
6127
18082
39910
44921
12596
31566
32703
47593
19108
38306
4135
21620
29958
47846
45119
44788
21547
36815
45893
37078
44554
47497
42611
25075
