42050
20316
42050
20316
42050
20316
44326
38148
13137
38148
8139
42307
27956
41748
21582
12202
21582
12202
21582
12202
25251
3446
14798
3446
36584
34878
14798
2823
29802
33948
33595
1553
11689
33158
11689
3628
18610
11830
2968
26117
23961
5749
10013
25617
39567
5301
25737
9255
18801
43557
43582
32153
14129
16787
47748
36380
13441
46608
13441
46608
30541
37422
2126
39707
18816
1869
7237
13651
29625
10980
11569
33891
29750
1555
10599
8421
27263
31334
11384
36208
23446
24143
5285
31848
12702
41398
47140
19194
33276
40478
20313
37337
33276
40478
26456
45591
46304
41186
20148
17924
33706
44709
44088
11803
18018
33912
29170
12496
37539
1066
29564
3004
1072
21689
18907
1540
46859
11780
46859
11780
46859
11780
11325
22137
11325
15706
36848
15706
47359
38377
15897
20339
28050
24238
8635
26473
18443
42362
43487
15202
47915
28553
36369
5784
36369
5784
6213
20557
21391
2584
458
37859
29959
20428
20195
20428
19770
41055
19770
13841
19335
35115
3587
8345
29356
7609
23501
35430
1788
28233
8264
39855
11881
11383
18823
31174
31068
35201
39299
46104
38421
39293
47847
20361
46116
42985
43801
45675
46224
40769
3185
30
35590
44435
13585
18078
39607
46220
37446
38380
28535
6127
18082
39910
44921
12596
24249
45235
24355
47489
20718
47762
22233
34902
47846
45119
44788
21547
36815
45893
37078
44554
25413
44032
15357
34623
9414
45419
47313
11822
16329
47398
23382
35339
2664
28420
44592
5604
39475
7931
16847
38332
47900
26726
39472
34243
18246
44355
14963
24165
38142
