42050
29907
47660
7372
21582
23181
4058
45724
4058
44908
42891
24498
30255
23089
5318
23089
5318
23089
18908
46012
5318
13348
20483
20184
43637
42249
12470
27350
25130
3487
34525
41737
19273
8572
38556
8572
38556
8572
38838
18195
14626
13638
38556
4367
36929
3344
6863
26908
12024
39801
25820
28920
1476
22957
44944
29450
6060
39495
45539
39666
39986
28938
25236
45774
10613
7857
30970
15052
32610
14287
40102
43196
21207
43196
33336
23566
17520
23566
17764
19596
42946
39769
18782
2422
12824
37713
10471
40336
34310
8188
16141
31476
46327
30910
19298
30910
31348
1358
12004
37428
46706
43717
29122
14981
16778
31357
42534
14981
42534
14981
40851
18772
21186
26480
20062
16148
21186
3475
9917
12010
22815
12010
22815
10424
12011
18598
32927
24844
32927
10109
18280
25428
31579
3290
779
18276
3906
10458
34009
18276
9324
36090
29052
36090
9462
22771
40971
46920
2427
25229
32923
15110
44136
25037
14425
42968
20232
21794
31587
30473
43511
24853
6931
33751
3424
29053
31184
13060
13603
13060
12906
11444
17160
41160
20900
10255
30345
30618
26511
30733
18388
16640
46539
19509
15020
25169
46539
8997
4295
20894
44095
20894
13797
35899
583
24371
13797
35899
22083
46802
27478
24817
19913
27076
18082
39910
44921
12596
7298
18870
41230
42679
20718
47762
21620
29958
43820
15106
26906
33778
36815
45893
37078
44554
47497
42611
25075
44576
17233
40748
593
44067
16260
15960
7761
47437
2664
28420
44592
5604
17169
39943
23987
45873
39182
43997
41336
22761
33317
30037
12104
