42050
20316
42050
20316
44326
922
37056
2331
47660
7372
47786
45724
4058
45724
4058
45724
4058
44908
42891
44908
40328
2598
42891
44908
42891
24498
30255
24498
11431
30463
5318
13348
43375
42781
46432
14834
43637
20184
28105
1163
1257
20071
20284
2097
1257
34717
25546
19380
17142
9468
29965
33576
24758
1341
28267
4222
34658
33388
44301
33388
29013
7155
9413
36395
9413
15285
40422
42879
11009
8137
28274
10573
37647
30082
13820
26013
34960
12669
34960
12669
19864
17839
22179
35301
19864
15210
46392
4826
3323
19092
11384
36208
3323
5115
26597
24432
42240
17632
28240
40703
10209
40703
19782
37629
24164
33458
12709
6376
26431
30116
36923
30884
27974
27331
25260
15204
40374
17215
40374
34271
39965
46041
39086
29714
649
36586
21000
43535
41618
43535
31428
2256
1884
32570
17151
7825
37540
37588
12810
37277
44990
45154
13601
23427
19386
25242
22501
549
27439
34079
35636
24331
36431
24331
45635
12535
26853
22270
727
15985
15322
20525
33740
29298
21958
47307
6587
31978
11697
4154
45461
26471
6587
35842
9348
5428
684
21182
12819
37123
12819
37123
35974
17265
8566
40043
40790
35210
47014
41950
24610
16401
27815
731
24610
16401
39171
24408
47847
20361
28432
3314
46116
42985
27358
45532
46224
40769
20449
20613
35590
44435
13585
18078
39607
46220
37446
38380
19913
27076
18082
39910
44921
12596
24249
45235
47593
19108
20718
47762
21620
29958
47846
45119
44788
21547
36815
45893
9588
4711
47497
42611
25075
44576
2550
40153
47313
11822
16260
15960
23382
