42050
29907
13137
38148
47660
29907
47660
7372
27956
41748
5133
42307
27956
41748
47786
7372
27956
41748
5133
42307
5133
42307
5133
42307
27956
41748
21582
23181
14798
2823
21700
37706
11431
8454
8231
19739
36728
5856
32897
11604
10371
29854
41265
15869
41265
22180
23961
5749
13724
22180
23961
5749
16810
5301
15018
23353
47212
30961
41126
30961
1551
2786
14129
2786
27702
45471
41307
3673
45658
46608
23913
12804
23913
12804
28679
46741
28679
16775
3106
1270
12746
9619
34869
40866
33630
19962
35630
11378
526
32249
35630
14303
45386
28540
31768
46039
31768
46039
42967
3562
29414
14448
43549
12815
47647
2608
34144
11642
28429
22867
44634
13720
22571
3383
22571
3383
35284
13266
21267
47145
46769
13266
21267
31324
28224
27390
44789
27390
35892
22686
26539
44651
10178
44651
37395
3229
25963
31269
19694
47817
35728
8018
37553
26290
10178
17571
22322
43016
43013
23352
43013
36428
34326
36428
15840
25351
35139
12679
35139
33719
23438
2619
37034
18292
42508
29696
2684
2244
40557
44985
3768
32597
44688
38993
38356
37432
35311
34901
1818
32650
45684
9547
36302
36290
45468
26227
25742
34204
23594
44898
45729
41369
33952
41650
47672
41644
40424
22134
24505
29406
28038
23147
17074
46544
9922
47037
47847
20361
13838
44593
27358
45532
46224
40769
11095
38531
36763
22384
13585
18078
39607
46220
37446
38380
28535
6127
18082
39910
44921
12596
24249
45235
47593
19108
28406
28342
10053
37541
47846
45119
44788
21547
20700
47887
37078
44554
25413
44032
25075
44576
17233
