42050
20316
42050
29907
47660
7372
21582
23181
4058
45724
4058
45724
4058
45724
4058
45724
4058
45724
4058
45724
4058
45724
1267
16846
4058
44908
21746
33490
33797
46012
35314
30463
12703
26235
12174
40745
37298
7274
10371
29854
32872
2097
21851
14733
9837
24049
29919
10490
1152
29038
39969
29649
19924
29649
12686
18929
29954
23353
12686
18929
44830
2976
43582
32153
13948
21937
14129
16787
1992
12804
13441
10320
3761
23994
2126
26310
8020
5517
2637
38155
11569
23511
11661
13098
11706
13098
27062
10562
22788
4200
42615
46527
7963
9271
46574
39623
37069
3213
20313
1196
20966
24719
46304
799
1422
20248
44421
20627
3652
20627
34849
30887
14827
36357
14827
36357
18018
35205
37539
1066
34043
39458
19968
30242
19968
30242
29564
3004
33848
21200
20914
5213
18907
1540
32356
961
11325
22137
32356
38187
9078
25065
9078
34931
19115
4304
40446
46505
22665
27202
22013
46505
2054
10200
3768
37596
28800
37596
3393
5682
16992
25127
33360
18844
29929
25127
16772
3069
23489
10168
30861
31622
30861
19439
11271
47249
23251
9432
10588
22526
45729
17919
25492
39981
10588
22526
26119
42380
33952
41650
47672
41644
42565
15117
24505
29406
46257
40498
17074
46544
9922
47037
47847
20361
37186
35227
27358
45532
46224
40769
11095
38531
35590
44435
13585
18078
39607
46220
1964
46802
28535
6127
18082
39910
44921
12596
24249
45235
47593
19108
38306
4135
4065
13310
47846
45119
44788
21547
36815
45893
42053
7105
47497
42611
15357
34623
17233
40748
38862
34075
16260
