42050
29907
47660
7372
27956
41748
27956
41748
27956
41748
5133
23698
9961
23181
19553
33836
36584
10581
21700
37706
8231
19739
13195
23159
30121
3628
43132
17537
32358
17432
29919
17432
29919
17432
18182
4524
26579
21938
12686
22486
43582
22486
43928
43557
38457
29976
43928
6064
14031
6064
42231
3488
16833
38300
42231
15661
26808
34533
35358
7322
21259
2350
3106
35620
20898
16974
24671
32249
33233
5005
33233
45960
30668
22809
31781
7252
15192
10443
11142
9992
21478
30802
21885
2594
33128
2594
7576
39623
3573
41313
33128
37337
21267
31324
24689
19561
35892
22686
47595
5261
47595
5261
26044
3229
15644
12496
25963
31269
10178
44651
19694
1925
30919
9710
7577
43016
43282
1434
43282
43677
34326
36428
34326
5098
42353
4304
43356
8243
40446
46505
40557
44985
22665
27202
6722
1477
40557
44985
3768
32597
47578
45582
28036
41165
17654
41165
35610
3575
5427
27277
22952
35939
24951
19559
25759
36386
47390
9799
45468
15682
45468
15682
42209
47737
19123
7586
23594
44898
26119
42380
41164
25458
47672
41644
40424
22134
24637
45975
28038
23147
17074
46544
9922
47037
47847
20361
43870
25674
27358
45532
46224
40769
11095
38531
35590
44435
13585
18078
46579
31513
37446
38380
28535
6127
25182
18008
15008
27658
24249
45235
47593
19108
20718
47762
21620
29958
30282
31885
44788
21547
36815
45893
42053
7105
47497
42611
25075
44576
2550
40153
47313
11822
16260
15960
7761
47437
2664
28420
44592
5604
17169
39943
23987
45873
39182
43997
39472
34243
32547
17746
14963
