42050
20316
42050
29907
47660
29907
8139
28641
47660
7372
27956
16846
1267
40635
42891
44908
21746
33490
33797
33490
45736
31332
12174
31332
18908
46012
12174
31332
5318
13348
20483
13348
37298
7274
46432
25830
27796
12593
20284
2097
26664
19316
7600
25488
16848
19380
16848
29636
532
29715
3251
31904
6905
1528
24017
14551
34162
17733
37135
875
32512
43478
11991
4255
34897
8910
21108
26366
21108
6135
20821
10436
29625
36825
45426
37367
45426
37367
29625
36825
13140
34748
8491
16891
11706
13098
4993
25909
1863
9302
314
46527
42615
36208
27709
37201
27709
31848
15594
23270
37069
23554
9850
28953
47140
19194
33276
40478
6308
24719
19599
5726
20148
30307
12831
2514
41080
35205
41080
30409
45781
22533
36779
11105
20592
47106
25326
37431
24156
36911
45757
43716
16294
11002
17260
35366
18119
33184
3651
47224
18443
3127
26386
18842
46780
33240
44927
35090
21391
13815
8658
2376
8658
8040
28486
15548
47116
6559
47116
45231
26575
38275
26575
15179
18648
26471
6587
35842
45319
14273
8817
16323
45319
37123
2585
35612
14647
17949
147
41950
47014
13875
23143
15104
39879
12363
28432
3314
13838
8639
46116
42985
4317
42985
27358
45532
43518
3869
11095
38531
38994
559
13585
18078
39607
46220
37446
38380
28535
6127
25182
18008
44921
12596
24249
45235
47593
19108
20718
47762
21620
29958
27033
47520
44788
21547
36815
45893
9588
4711
47497
42611
25075
44576
9414
45419
47313
11822
22884
19729
7761
47437
2664
28420
44592
5604
17169
39943
23987
45873
39182
