42050
29907
47660
7372
47786
45724
4058
44908
21746
33490
33797
33490
30255
24498
30255
24498
30255
23089
45849
10651
12174
31332
18908
46012
12174
31332
18908
46012
5318
13348
20483
13348
27796
12593
47719
14834
47719
7689
39983
27729
29164
19102
6399
29715
24758
1341
28267
23934
28267
4222
37135
875
44224
31879
11951
32227
26092
28971
11951
32227
32512
43478
8951
43478
11991
35523
7072
26259
19143
13035
30984
22878
13140
34748
30725
14620
8811
16891
13019
34382
4993
32709
8811
16891
29750
33891
29750
1555
25070
7973
22788
10562
22788
10562
22788
10562
28768
10246
32267
4200
14131
43373
24800
39441
21885
2594
368
8115
9850
28953
29719
14105
20313
37337
26456
24160
7525
28842
9490
35887
26934
35737
3652
20627
41861
43247
26044
22686
26044
3229
10178
17571
28481
1925
28481
1925
1824
10290
20914
5213
43282
43677
19458
43677
34326
5098
7141
28637
19115
12552
40557
44985
2054
10200
40557
44985
40557
8759
8591
45582
40896
23943
8591
30442
1946
30442
22952
35939
25759
36386
13145
32867
33533
5612
2499
40940
19123
7586
40546
15386
40546
15386
27829
41668
10588
36764
41164
25458
40956
30227
40424
22134
24505
29406
46257
40498
17074
46544
9922
47037
44177
6989
43870
25674
14288
46426
43518
3869
11095
38531
36763
22384
13585
18078
39607
46220
1964
46802
22083
13696
18082
39910
44921
12596
24249
45235
24355
47489
20718
47762
21620
29958
30282
31885
44788
21547
36815
45893
37078
44554
47497
42611
1010
18852
2550
40153
46911
27399
16329
47398
7761
