42050
20316
42050
20316
37056
3845
42050
20316
42050
20316
3384
22405
42050
29907
47660
7372
47786
7372
47786
7372
47786
45724
4058
44908
42891
44908
42891
44908
42891
24498
45736
31332
5318
13348
20483
13348
20483
13348
20483
13348
20483
13348
46432
25830
43375
42781
20483
13348
20483
13348
20483
13348
20483
13348
20483
20184
43637
42249
5800
23426
46630
27729
25130
23426
25130
23426
25130
3487
31495
20594
19273
41737
19273
8572
38556
4367
38597
4367
38597
13798
47331
44028
38385
28108
25820
28920
17325
33066
35574
21300
36193
21300
36193
21300
36193
21300
1917
42302
36193
31779
10556
31779
29237
39375
10556
43828
38886
46244
38886
46244
16630
33359
44099
43675
14955
43675
14955
13561
19351
31549
135
1678
16486
1678
18210
29300
17764
19596
28940
6085
6393
17768
10271
4451
33414
37713
31910
4451
12118
29668
30783
40336
30783
29374
46558
3875
34859
20267
4758
20267
18447
33844
13420
29403
37116
21677
40851
21677
31374
41738
24300
39951
26104
25942
8219
26480
33652
23423
3017
1632
3017
2325
43498
19393
38635
1322
12011
1322
11511
31307
6480
15793
32927
24844
12716
36888
6245
7771
36596
40624
18280
25428
41972
16835
39700
6986
39700
6986
39700
10458
9324
13231
25718
23044
22221
46920
2427
10291
20513
24207
5783
19186
5783
24968
4658
13932
16831
20999
7193
3841
11457
33554
16217
22140
30180
37407
21083
37407
21083
46434
8090
33943
8090
33943
8090
33943
35431
38560
12635
42773
3160
5497
3666
8128
20083
10304
13089
10304
13089
46296
16586
