42050
20316
42050
29907
47660
7372
47786
45724
4058
44908
42891
24498
11431
8454
30255
23089
5318
13348
43375
1163
43637
42249
5800
42249
12470
27350
45631
6236
43678
42268
43678
23971
38386
18949
39545
41463
34658
16277
7745
39931
7745
37999
11951
16988
19322
753
34779
753
47551
15285
43733
24016
36777
24511
19843
18526
45877
35480
37485
6338
13820
30082
42382
9742
13820
26013
22179
21033
37693
29093
4696
21033
3813
7048
39446
4826
17610
29840
42240
17632
13734
46164
47474
34203
13785
11124
24164
33458
16104
34512
16885
47525
24566
20885
35719
47561
22557
47561
27974
10261
22607
27014
21748
3767
15335
46336
22306
6688
7930
44840
7930
44840
10017
6688
7930
8757
11255
29714
34062
24091
34062
2256
2100
47242
31428
2256
22107
21488
22107
27810
14348
27810
15321
8406
22395
8406
46780
18842
41853
36978
35129
14630
35129
14630
43704
31641
30246
36978
44927
35090
21391
2584
37118
43222
30293
30084
41483
13117
41483
13117
38173
11549
19770
13841
33410
38275
32295
16485
17695
7094
18675
35115
6402
42708
28269
22351
1788
28233
6528
1765
4922
39855
34609
31174
47890
38179
38998
13415
24610
30091
32679
14677
46116
37234
37186
6989
37186
35227
27358
45532
46224
40769
11095
38531
35590
44435
9444
30383
16176
23702
37446
38380
28535
6127
25182
18008
44921
12596
24249
45235
47593
19108
20718
47762
21620
29958
47846
45119
44788
21547
20700
47887
37078
44554
47497
42611
417
7515
2550
40153
47313
11822
16260
15960
23382
35339
2664
28420
44592
5604
17169
