42050
29907
47660
29907
47660
7372
47786
45724
4058
44908
40328
34544
30255
24498
3720
25908
11431
8454
45736
34544
11431
8454
3720
25908
17090
37706
8231
19739
36728
5856
41265
15869
41265
15869
32358
17432
18182
4524
29285
589
19924
10146
11624
2976
20703
8790
1551
2786
33620
10938
33620
10938
33620
10938
13948
2228
45658
46608
12917
11527
20244
23994
2126
39707
2126
39707
18816
1869
25475
35638
25475
36825
29625
36825
29625
10980
11569
33891
11706
13098
27062
10562
25070
39186
15747
39186
24800
39441
6169
23554
9850
31676
33128
2594
13087
45355
3573
14105
26456
24160
26456
45591
19599
5726
47610
36357
18018
35205
13780
1017
41080
30409
29564
39478
20592
47106
47871
36911
34877
14301
24156
36911
24156
11002
16294
5467
3651
35366
28050
20304
28050
20304
33987
25637
26386
24238
26386
24238
14783
26734
43487
15202
10683
5784
6213
20557
38362
16599
8658
2376
879
10778
27847
36150
2116
7094
29356
23472
17695
22569
23501
2209
36683
43893
47028
46873
42565
15117
4922
39775
18823
31174
47890
38179
16529
17949
38998
13415
38421
39293
47847
20361
43870
25674
27358
45532
46224
40769
11095
38531
35590
44435
37532
14980
1389
5557
37446
38380
28535
6127
18082
39910
44921
12596
24249
45235
47593
19108
20718
47762
21620
29958
47846
45119
44788
21547
36815
45893
37078
44554
43458
1080
25075
44576
17233
40748
38862
34075
16260
15960
7761
47437
591
34821
44592
5604
17169
39943
40288
11637
585
592
34517
8810
7023
23186
13289
31412
29925
16284
11122
