42050
20316
3384
22405
42050
20316
42050
29907
13137
38148
8139
28641
13137
41748
47786
7372
27956
41748
47786
7372
47786
45724
4058
44908
21746
40635
42891
24498
30255
23089
5318
23089
5318
13348
43375
42781
46432
25830
20483
20184
43637
42249
18980
19316
39983
7689
7600
34717
26725
14136
3237
19102
17142
9468
29164
19102
46396
20299
532
41410
27083
14551
34162
32227
39255
8910
17558
42879
11009
6135
20821
1342
20821
10436
28274
10573
39980
14795
45965
26744
2366
14795
21590
35301
22179
21033
46721
19092
39446
2258
11932
46234
26597
24432
38580
11548
38580
11548
26597
16457
28240
16457
13754
41398
28240
40703
10209
39385
43148
17238
43148
17238
29027
41186
5451
24983
43148
34919
12831
2514
13033
30554
17544
34547
32982
27039
13873
24764
45781
22533
1072
21689
20592
47106
29352
5011
37697
21902
34877
14301
34877
14301
42730
772
35665
43716
35665
21488
176
5467
36391
4481
18443
3127
15321
8406
47915
28553
43704
31641
33609
43459
21391
13815
2347
13815
8658
2376
26452
35837
879
10778
13562
23398
2116
7094
2397
45231
29356
23472
6402
26271
3587
8345
32295
19104
23501
2209
36683
42708
28269
27067
23501
2209
28269
22351
6528
43893
8264
22351
42565
5888
42565
5888
42565
5888
12710
6232
24637
24670
24637
45975
46257
40498
41716
39005
9922
47037
47847
20361
43870
25674
27358
45532
46224
40769
20449
20613
38994
559
13585
18078
39607
46220
37446
38380
28535
6127
35705
41257
44921
12596
24249
45235
47593
19108
20718
47762
21620
29958
27033
