42050
29907
13137
41748
21582
23181
19553
33836
19553
45931
21700
10414
15370
2823
15370
2823
29802
33158
11689
33158
47394
17886
43132
17886
42754
23422
3819
17795
18182
4524
39567
18929
35206
21938
47212
46773
46694
2124
8488
23543
8488
23543
8488
7766
17934
7766
25141
26891
33363
20437
13722
12536
45216
11503
35358
7322
5404
1270
34987
28702
24671
18222
20898
16974
10889
20735
26382
31965
13074
46039
17344
27388
44902
28442
15192
9687
15192
9687
30812
5625
8580
22867
34144
38685
41372
7639
37481
24608
21267
47145
46769
300
46891
2851
9881
30566
22840
38956
6381
36634
39156
2036
39156
2036
25702
35420
10649
25466
18397
14075
18397
30266
11663
44472
43013
36428
23984
28613
23984
28613
34782
39515
12761
45618
12761
45618
42508
2155
18587
35588
18587
35588
25321
30182
25321
24271
5066
14830
21763
31500
39998
46028
38725
7236
21953
16664
21953
25138
44755
8081
45684
15682
11239
47709
19123
7586
23594
44898
26119
42380
33952
41650
47672
41644
40424
22134
24505
29406
18823
16430
17074
46544
9922
47037
47847
20361
13838
44593
27358
45532
46224
40769
20449
20613
35590
44435
13585
18078
39607
46220
37446
38380
36459
25613
18082
39910
23322
41964
24249
45235
47593
19108
20718
47762
22233
34902
47846
45119
44788
21547
36815
45893
37078
44554
25413
44032
25075
44576
2550
40153
47313
11822
16329
47398
7761
47437
2664
28420
44592
5604
17169
39943
23987
45873
585
592
39472
34243
18246
44355
14963
24165
29925
16284
22227
25218
29289
39747
44037
12389
31724
