42050
20316
44326
38148
47660
29907
47660
7372
5133
42307
21582
23181
34791
24752
41293
23698
9961
23181
19553
33836
19553
33836
34791
10414
21700
37706
11689
33158
8231
19739
30121
3628
30121
15869
2968
26117
29919
17432
23961
38815
26579
21938
35206
21938
29954
8790
41126
21937
14129
16787
47748
16787
45658
42493
45658
46608
30541
31432
30541
37422
40513
10320
12746
47641
1887
7976
1887
7976
17180
42331
8020
42331
34869
25782
14935
9619
34869
25782
34869
25782
30983
35620
20898
16974
24671
32249
26057
25549
38258
21124
30592
5657
31781
31696
31768
9687
15192
10443
43549
43500
6067
15032
28429
22867
21885
12815
40054
7639
41372
24567
3416
30386
46891
300
28224
30386
33294
38956
37240
20645
47595
31269
19694
47817
10178
44651
37395
3229
37395
3229
19694
47817
35728
20344
22322
12290
434
47218
17375
30266
17375
195
28160
12679
15840
157
17665
46180
14771
10200
40557
8759
28800
37596
40896
3575
35610
3575
17654
18844
38976
24938
13145
8065
46007
15386
9847
39981
25492
39981
45729
17919
10588
22526
45729
17919
45729
41369
2081
41369
41164
25458
47672
41644
40424
22134
24505
29406
46257
40498
17074
46544
9922
47037
47847
20361
43870
25674
27358
45532
46224
40769
11095
38531
35590
44435
8158
21037
39607
46220
37446
38380
22083
13696
18082
39910
44921
12596
24249
45235
23723
4134
31413
22478
22233
34902
47846
45119
44788
21547
36815
45893
9588
4711
47497
42611
417
7515
17233
40748
47313
11822
16260
15960
7761
47437
2664
28420
44592
5604
42024
