42050
29907
13137
41748
47786
45724
1267
16846
9961
23181
9961
23181
19553
33836
19553
45931
15370
19063
17228
19063
17228
23916
36728
5856
10371
29854
31613
5749
9008
23142
16098
38762
16848
29636
24384
23934
6905
1528
34162
32227
12917
26366
11991
35523
40422
17630
19143
13687
37647
12646
8228
10573
20758
13687
20758
13687
20758
33
13019
12669
14775
10052
8202
18101
17610
29840
767
5115
38580
11548
26597
16457
47474
34203
10209
39385
38039
15159
3255
5354
43148
34919
14699
34919
29811
29132
17721
41906
44088
27039
13873
2514
32982
27039
27057
23424
36779
30409
1072
21689
1087
15575
32554
6732
47871
36911
24156
11002
16683
37440
15897
20339
18119
3127
15321
47224
8635
26473
39727
13229
13423
12882
47915
37278
47915
37278
43487
18881
22383
28553
13165
18881
36369
3879
44941
3879
458
39629
11917
22820
35447
2703
29959
22820
30861
31622
46587
10168
2499
28643
32205
3656
23594
44898
10588
36764
33952
41650
46046
41650
40956
21960
46046
41650
40956
30227
40424
22134
24505
29406
46257
40498
17074
46544
9922
47037
47847
20361
43870
25674
27358
45532
43518
3869
11095
38531
35590
44435
8158
21037
39607
46220
37446
38380
28535
6127
18082
39910
23322
41964
24249
45235
47593
19108
31413
22478
21620
29958
43820
15106
26906
33778
36815
45893
37078
44554
25413
44032
25075
44576
9414
45419
47313
11822
16260
15960
7761
47437
2664
28420
44592
5604
17169
39943
23987
45873
47900
26726
34517
8810
32547
17746
46624
3206
29925
16284
11122
18231
29289
39747
44037
