42050
20316
42050
20316
3384
22405
37056
2331
47660
7372
16542
27022
16542
27022
5133
42307
25251
27787
25251
27787
100
35234
29613
45569
36584
34878
36584
10581
33595
1553
47394
14371
42500
1553
42500
1553
47394
17886
10668
4992
16211
24774
10668
46995
3974
46995
3974
1107
18182
26117
33491
36790
45574
22829
46694
2124
8488
23543
6351
26891
47147
14716
35233
23182
10579
17943
38312
11862
38312
12695
3933
35712
38561
40850
24060
43228
24060
43228
2010
30204
2010
8399
14926
2570
33775
7113
6174
43586
33775
7113
39159
13856
39159
13856
6174
20269
5695
41093
5034
38949
41940
33095
39068
35832
8415
5458
7124
27566
19000
18856
38070
33849
38070
33849
19000
477
45455
7862
28310
32538
4344
8281
14607
10911
37149
11515
4942
7778
39156
2036
4942
22047
10649
23887
44422
35420
16850
22047
39516
1843
36606
46913
76
34284
10930
20152
10930
20152
10930
20152
28408
47537
26855
9289
41148
10345
16321
44747
17461
44226
39890
19718
28008
12997
20346
32837
7810
16664
21953
25138
26954
9547
45684
15682
11239
47709
19123
7586
27829
41668
45729
41369
33952
41650
46046
35868
35860
24670
24637
45975
46257
40498
17074
46544
9922
47037
47847
20361
13838
44593
14288
46426
43518
3869
36351
31360
35590
44435
13585
18078
39607
46220
37446
38380
28535
6127
35705
41257
44921
12596
24249
45235
47593
19108
20718
47762
22233
34902
47846
45119
44788
21547
36815
45893
37078
44554
47497
42611
25075
44576
17233
40748
38862
34075
16260
15960
7761
47437
22194
45969
4653
