42050
20316
44326
38148
47660
29907
47660
29907
47660
29907
47660
29907
13137
41748
47786
45724
4058
44908
42891
44908
42891
24498
30255
23089
12174
40745
20483
13348
20483
13348
37298
20071
20284
14136
39983
7689
39983
27729
17142
16252
36962
20712
28267
4222
29154
14718
26869
26292
11951
32227
44224
31879
12917
11527
12917
11527
20244
23994
23481
16988
3761
23994
34897
1342
36292
1869
36292
1869
36292
37367
32019
8137
13140
34748
12605
15719
28201
10980
28201
12433
8811
47495
39010
10642
42615
46527
7963
17917
7963
9271
26258
39573
23446
9271
27709
37201
29091
23745
26258
23270
15594
21424
40490
799
43523
45820
12275
45591
44421
20627
34849
36332
3652
33912
45504
9408
13780
1017
41080
35205
13780
3004
33848
933
28676
46971
1824
17571
34043
39458
34043
39458
22322
12290
28481
25106
7577
43016
12520
961
27185
25065
8655
9561
40446
36273
28618
28637
14771
10200
6722
27655
36233
6784
16400
5682
16992
25127
29929
3306
23489
3069
33599
24938
33599
24938
33599
224
2499
40940
37661
43350
11271
19439
9862
9432
35293
21844
35293
21844
35293
21844
26119
42380
10625
36764
2081
41369
2081
21960
46046
35868
40424
22134
24505
29406
46257
40498
17074
46544
9922
47037
47847
20361
43870
25674
27358
45532
46224
40769
20449
20613
36763
22384
8158
21037
46579
31513
37446
38380
36459
25613
25182
18008
15008
27658
24249
45235
47593
19108
20718
47762
21620
29958
47846
45119
44788
21547
293
46851
37078
44554
47497
42611
25075
44576
17233
40748
47313
11822
16260
