42050
20316
42050
29907
47660
7372
47786
7372
21582
23181
1267
40635
12001
45931
42891
24498
45736
34544
33797
46012
18908
42781
43375
42781
46432
25830
20483
13348
43375
1163
47719
7689
12470
1211
39983
7689
12470
27350
16848
29636
36962
20712
10909
16277
34658
16277
34162
17733
37135
41203
37135
875
32512
43478
34897
1342
42758
35523
20821
1342
42758
35523
20253
40294
19143
13035
19143
13687
30725
14620
13019
12669
34960
27573
46392
2966
8202
18101
11384
40411
42240
17632
13754
19282
24877
47007
24877
47007
29459
19282
18754
15159
29027
41186
43148
17238
39538
29132
29811
30554
13873
24764
21748
28020
1072
21689
9553
39478
22012
28295
28288
11105
20592
47106
37697
28153
32554
2916
45757
43716
17260
35366
22107
27810
17095
26938
22395
8406
1454
12882
19776
42362
46780
33240
33609
26665
13165
18881
22383
28553
13165
43410
37118
43459
38362
16599
26452
11182
20195
42281
24449
13841
24449
23472
6917
27067
43001
28752
1788
10788
20581
15835
35974
45750
14647
39775
47890
11383
47890
38179
34594
16401
27815
731
39171
24408
44177
6989
13838
44593
27358
45532
5087
5381
20449
20613
35590
44435
13585
18078
39607
46220
1964
46802
19913
27076
35705
41257
44921
12596
2400
23828
47593
19108
31413
22478
21620
29958
43820
15106
44788
21547
20700
47887
37078
44554
47497
42611
25075
44576
9414
45419
38862
34075
16260
15960
23382
35339
2664
28420
44592
5604
17169
39943
16847
38332
39182
43997
41336
22761
18246
44355
46624
3206
29925
16284
12461
29429
29289
39747
44037
