42050
20316
42050
20316
42050
29907
47660
7372
27956
41748
47786
7372
27956
16846
1267
40635
42891
44908
42891
44908
21746
33490
30255
23089
5318
13348
20483
20184
43637
42249
5800
42249
5800
42249
5800
42249
5800
23426
25130
23426
45631
6236
34525
41737
19273
8572
38556
4367
38597
4367
36929
3344
47331
44028
12758
18621
43630
28108
25820
28920
17325
33066
35574
28920
35574
28920
35574
28920
35574
28920
28497
18680
41043
9275
26324
39375
29237
46244
38886
46244
16630
33359
44099
34110
44099
43675
2931
33129
14955
13561
5032
30122
14489
13122
16486
12891
18052
6210
10596
25520
14261
45719
6393
17768
14261
45719
5907
24971
32252
22786
12118
29668
26109
33448
17642
31599
26109
33448
30783
40336
16141
7974
7049
45245
46327
30910
38207
10217
34029
39511
39807
15599
23570
18053
23570
46383
6524
15051
18502
25942
24300
23423
33652
23423
31091
7726
39381
17101
41553
2417
41325
41582
28990
36704
26572
12956
13275
12956
29818
35237
35889
46367
12519
24723
12519
24723
22193
34334
36014
24405
12519
24723
4358
17709
31141
33117
32643
22270
32643
22270
18833
3375
1944
47307
6587
35842
18699
24274
36388
23804
28996
5664
45508
21182
35974
17265
8566
40043
8566
40043
147
17265
8566
38932
36899
11337
24739
34145
44627
37234
11419
14677
46116
42985
4317
39306
5087
45675
5087
45675
46224
45532
43518
46426
43518
3869
11095
38531
35590
44435
13585
18078
39607
46220
6741
24678
28535
6127
18082
39910
44921
12596
2400
23828
47593
19108
20718
47762
22233
34902
47846
