42050
29907
47660
29907
47660
29907
47660
7372
47786
45724
1267
16846
1267
16846
1267
40635
42891
44908
21746
40635
21746
33490
30255
23089
12174
40745
20483
13348
20483
13348
43375
42781
27796
12593
43637
42249
12470
1211
12470
1211
39983
7689
39983
7689
12470
27350
29965
25488
13469
8856
45631
27350
25130
23426
45631
6236
29759
11657
38386
39931
3321
41463
7745
39931
45847
8626
43097
8201
15686
45934
36777
24511
1246
20096
26131
17630
19843
34968
26131
17630
27424
40294
28274
10573
37647
30082
42382
9742
45965
31489
19864
17839
22179
21033
46721
27573
8202
10642
46392
4826
17610
29840
38580
38292
28240
40703
19782
5796
43523
24983
43148
34919
28898
37076
17721
30116
26431
10261
27974
27331
15335
3767
17171
38175
14501
15423
15335
46336
40615
21354
40615
21354
22306
26006
40615
15350
34877
2958
34190
772
35665
21488
1884
32570
15087
35105
17095
11890
15321
8406
19776
42362
19776
42362
19776
45154
36369
3879
22501
549
2347
13117
41483
13117
41483
12409
43888
30652
15322
30652
2397
45231
15322
20525
24718
31978
11697
16323
8817
5664
22323
23804
1438
40043
8566
40043
8566
40043
16738
24423
37513
24423
24610
16401
27815
32056
32679
14677
28432
35120
31318
40083
24213
35120
14288
46426
46224
45532
43518
3869
11095
38531
35590
44435
13585
18078
1389
5557
1964
46802
19913
27076
18082
39910
44921
12596
31566
32703
47593
19108
20718
47762
4065
13310
27033
47520
44788
21547
20700
47887
37078
44554
47497
42611
25075
44576
2550
40153
593
44067
16260
