42050
20316
44326
38148
8139
28641
47660
29907
47660
29907
47660
29907
12803
12202
47786
45724
4058
45724
1267
40635
21700
37706
17228
19063
3720
25908
8231
19739
30121
15869
41265
15869
41265
22180
9837
33543
3237
19102
46396
38762
19924
29649
19924
10146
43582
32153
33620
41203
6737
1528
37135
875
32512
43478
11991
35523
29674
13035
30984
22878
30984
18651
12605
15719
20758
13687
30725
14620
8811
16891
35702
14620
11706
9302
10599
1555
14775
47495
314
25909
1863
9302
1863
17917
42615
36208
29091
23745
29091
8115
5285
31848
7576
40478
29719
20248
20966
36332
33706
44709
45504
9408
32982
27039
13780
3004
21379
15423
20592
21689
20592
47106
37697
21902
24156
36911
47359
38377
19649
33184
3651
35366
3651
35366
18119
3127
18563
45322
1454
12882
20919
26665
22383
28553
13165
43410
21391
13815
8658
8040
27847
10778
19770
13841
24449
13841
23251
9432
19335
35115
3587
8345
18675
35115
3587
8345
6402
26271
6917
27067
19910
22253
28269
27067
40956
21960
19910
22253
40956
21960
47672
41644
40424
22134
24505
29406
46257
40498
41716
39005
38421
39293
47847
20361
43870
25674
27358
45532
46224
40769
3185
30
35590
44435
13585
18078
39607
46220
1964
46802
28535
6127
18082
39910
15008
27658
24249
45235
47593
19108
20718
47762
21620
29958
47846
45119
44788
21547
36815
45893
37078
44554
43458
1080
25075
44576
19601
6626
593
44067
16260
15960
7761
47437
22194
45969
44592
5604
17169
39943
23987
45873
39182
43997
29148
29742
18246
44355
46624
3206
29925
