42050
20316
44326
38148
47660
29907
47660
7372
47786
7372
27956
16846
4058
44908
30854
3301
21746
40635
42891
44908
40328
2598
42891
44908
40328
2598
12001
45931
30854
8454
11431
30463
35314
30463
35314
25830
43375
42781
32897
14733
20284
14136
25546
19380
16848
29636
24384
23934
24885
17733
34162
32227
32512
43478
8951
38602
20253
40294
27424
40294
32019
12646
12605
15719
28201
12433
21590
33
21590
33
35702
15693
314
46527
46392
2966
27263
31334
26258
23270
30438
40411
5285
31848
12702
41398
28240
16457
40490
799
18754
24785
18754
24785
20966
24719
1422
41033
39538
29132
17721
41906
3603
34547
17544
34547
13873
2514
17544
34547
27057
9408
13873
24764
21379
24764
17178
23424
17178
28295
22012
21354
14104
47106
37697
21902
42730
772
23558
2958
16683
37440
17260
35366
22107
21488
36391
35414
3651
35366
33987
20339
3651
35366
26754
19221
26754
31449
14783
26734
43487
15202
1676
6784
43487
18881
22383
28553
13165
43410
44941
35837
8658
8040
27847
36150
24449
13841
19335
35115
6402
42708
32384
28233
1788
10788
45319
37123
28417
36327
16529
17949
34594
16401
27815
32056
32679
30091
44627
37234
11419
40083
4317
42985
31318
40083
43801
45675
46224
45532
5087
5381
11095
38531
38994
559
13585
18078
39607
46220
6741
24678
28535
6127
18082
39910
44921
12596
24249
45235
47593
19108
20718
47762
21620
29958
47846
45119
44788
21547
20700
47887
37078
44554
47497
42611
25075
44576
17233
40748
47313
11822
16260
15960
7761
47437
2664
28420
44592
5604
26272
