42050
29907
8139
42307
47786
45724
1267
40635
30854
3301
40328
34544
30255
23089
18908
46012
18908
42781
20483
20184
43637
42249
5800
23426
25130
3487
31495
20594
39545
23971
19273
8572
38556
4367
22287
15928
38597
4367
38597
13798
6863
26908
29679
44028
29679
44097
25820
28920
44944
29450
9141
28560
43176
28560
43176
28560
29237
46244
38886
31809
39579
35332
42913
46596
14402
10093
38460
13561
5032
45891
32610
14287
5032
45891
32610
28094
23844
20088
9906
28094
9906
28094
5356
25933
5356
25933
30301
18988
5356
25933
30301
16652
24698
10559
9806
18557
9806
18557
45857
7046
27378
43130
22145
38935
16885
47525
34049
6376
36923
34512
36923
34512
36923
30884
5154
40558
29771
28091
34756
18880
24132
9754
18599
17874
35550
17384
20983
17874
11255
29714
11255
2849
41970
34167
41618
43535
27473
3783
9719
3783
9719
13664
3402
5304
22869
13664
37540
37588
37540
37588
37540
37588
22395
14630
30246
29015
32882
29015
19386
46787
27439
34079
27439
34079
13577
46787
34431
25434
27439
24405
4358
17709
4666
15985
32643
38135
1944
47307
28284
29935
18699
24274
36388
23804
18678
6483
22323
3038
5873
8082
36899
38932
8067
34753
13049
24232
13049
42570
43475
32162
39879
12363
46116
37234
37186
6989
11419
14677
46116
42985
43801
45675
43518
46426
43518
3869
36351
31360
35590
44435
13585
18078
39607
46220
1964
46802
28535
6127
18082
39910
44921
12596
24249
45235
47593
19108
20718
47762
21620
29958
47846
45119
44788
21547
36815
45893
37078
44554
47497
42611
25075
