42050
29907
47660
7372
47786
45724
1267
16846
1267
16846
4058
45724
4058
44908
42891
44908
21746
40635
42891
24498
30255
24498
30255
23089
5318
23089
5318
23089
5318
13348
20483
20184
43637
42249
5800
23426
25130
23426
25130
3487
34525
41737
19273
41737
19273
41737
29640
20594
19273
8572
7745
39931
38556
8572
38838
18195
38556
8572
38838
47599
36929
47599
38597
13798
6863
26908
12758
26908
12758
18621
25820
44097
31308
20869
1246
20096
43630
28108
1246
4505
44944
36335
38880
9742
14738
20688
46228
11623
35555
26013
46774
11623
35555
26013
43107
10400
3813
10400
46392
4826
39446
4826
17610
29840
38580
38292
12558
5796
10209
40703
41014
21585
27679
39385
2031
35867
16104
33458
35381
38935
36923
30884
28336
27870
29771
28091
25260
15204
39822
40293
18599
17874
35550
17384
20983
17874
649
36586
31071
34167
40456
16184
31122
1345
28640
17484
2828
38749
22869
13664
22869
13664
37540
37588
37540
15756
21133
39835
19386
25242
32882
13002
558
17323
36014
38035
27588
28025
26853
38035
45126
28300
45126
10608
727
15985
18833
3375
36993
3375
33740
28164
33740
28164
13437
37774
45461
26471
16933
29298
45461
5428
8817
5664
45508
21182
28996
3685
5873
8082
46847
24232
23143
15104
10298
34069
12635
42773
16675
8128
20083
10304
15909
36420
13585
18078
8688
16347
6741
31513
6741
31513
45481
26012
19913
24678
22083
46802
22083
13696
18082
39910
44921
12596
24249
45235
47593
19108
38306
4135
21620
29958
27033
47520
8198
8046
36815
45893
37078
44554
47497
