42050
29907
47660
7372
27956
16846
4058
45724
1267
16846
4058
45724
4058
45724
41293
2598
42891
24498
3720
10651
35314
25830
43375
1163
1257
34717
25546
33543
26725
14136
1152
18069
44830
589
6399
18069
12686
22486
24384
23934
33620
10938
33620
10938
19029
976
45658
42493
45658
46608
13441
46608
26092
4255
2126
26310
8020
5517
29625
10980
30725
14620
29750
1555
10599
8421
42615
36208
26258
39573
6844
18516
27709
37201
27709
37201
23446
9271
29091
23745
27709
31848
37069
3213
40490
3213
33276
10070
44421
11878
19599
5726
3652
33912
12831
44709
14827
36357
18018
35205
32982
22533
19968
30242
33848
933
29564
3004
19968
26593
35390
10290
35390
18417
11839
22326
9078
34931
12215
20304
26754
31449
18443
42362
20919
26665
33609
43459
21391
13815
8658
2376
26452
11182
4358
17709
31294
17709
47116
6559
33410
23398
43894
16485
17695
22569
12570
22569
23501
2209
36683
42708
32384
28233
4352
14273
34609
31174
47890
38179
34594
38179
39299
46104
38421
39293
13692
8639
43870
25674
27358
45532
46224
40769
11095
38531
35590
44435
13585
18078
16176
23702
37446
38380
28535
6127
18082
39910
15008
27658
24249
45235
47593
19108
20718
47762
21620
29958
47846
45119
44788
21547
36815
45893
37078
44554
47497
42611
25075
44576
2550
40153
47313
11822
16260
15960
7761
47437
591
34821
44592
5604
39475
7931
47874
22324
39182
43997
39472
34243
18246
44355
13289
31412
29925
16284
11122
18231
29289
39747
42139
36033
31724
40988
44817
16480
39674
41476
24257
43059
35989
