42050
20316
42050
20316
42050
29907
47660
7372
27956
41748
21582
23181
4058
44908
42891
44908
42891
44908
21746
40635
30854
8454
17090
37706
11431
30463
36728
19739
45849
10651
2452
11604
8859
5856
32358
17537
32358
17537
32358
17537
14681
28016
32358
17537
31613
11830
2968
29413
14681
33207
33491
36790
17119
36790
25737
19650
3215
23543
46694
17504
25141
3488
40578
34533
38312
12695
21259
39939
42201
22425
15940
33666
1231
11378
526
32249
23198
40866
26057
40280
26057
25549
38258
21124
38258
21124
45386
28540
33917
32178
29414
18781
30812
39907
19858
9992
11142
9992
6067
34288
10954
36181
10954
36181
8580
22867
34144
38685
41372
7639
22571
3383
35284
30662
15063
41743
23366
26274
21267
47145
29541
3334
38587
36634
7686
20426
16693
5871
11360
47218
4381
19612
11778
22667
28160
12679
37987
45618
17665
33719
7141
28637
1740
32597
47578
45582
28036
41165
17654
41165
35610
27540
25038
32867
23489
10168
2499
28643
9862
9432
25492
46576
41164
25458
19910
5888
12710
6232
24637
24670
24505
29406
18823
16430
17074
46544
39171
24408
47847
20361
43870
25674
4317
39306
46224
40769
11095
38531
35590
44435
13585
18078
16176
23702
6741
24678
28535
6127
18082
39910
44921
12596
24249
45235
41230
42679
20718
47762
22233
34902
47846
45119
43256
12083
36815
45893
37078
44554
47497
42611
15357
34623
17233
40748
47313
11822
16260
15960
36752
39335
591
34821
44592
5604
42024
32466
23987
45873
39182
43997
39472
34243
7023
23186
14963
24165
38142
36049
11122
18231
29289
