42050
20316
42050
29907
47660
7372
47786
45724
4058
44908
42891
24498
33797
46012
5318
13348
27796
40745
27796
12593
21851
14733
9837
24049
9008
23142
25546
33543
26725
14136
25546
33543
25546
33543
16098
38762
46396
20299
24384
23934
6905
31904
27083
32392
24885
41410
33620
10938
27083
32392
14129
16787
12173
2228
45658
42493
41978
5239
26092
4255
18816
37422
2126
26310
14935
31171
13140
13651
29625
10980
8491
38155
11569
23511
43822
40099
43822
40099
43822
40099
43822
32709
4993
25909
1863
17917
32267
4200
7963
17917
32267
39573
26258
23270
12702
41398
47140
45820
43523
45820
43523
45820
46304
41186
39538
29132
12831
44709
29811
30554
27057
23424
21379
24764
17178
23424
17178
23424
17178
28295
28288
11105
17171
30485
37697
21902
30955
15485
23558
47242
7398
11890
17095
26938
22395
14630
44990
45154
33609
43459
11492
21798
8352
37969
37118
43222
2347
13117
28486
8040
13562
23398
43888
30652
29356
23472
29356
23472
26575
38275
18675
35115
6402
42708
32384
40501
36683
43893
47028
42533
11881
42533
11881
11383
28038
23147
38998
16430
17074
46544
9922
47037
47847
20361
43870
25674
27358
45532
46224
40769
11095
38531
35590
44435
13585
18078
39607
46220
1964
46802
28535
6127
18082
39910
44921
12596
24249
45235
23723
4134
20718
47762
21620
29958
47846
45119
44788
21547
36815
45893
37078
44554
47497
42611
25075
44576
19601
6626
47313
11822
16260
15960
7761
47437
2664
28420
44592
5604
17169
39943
23987
45873
39182
43997
29148
29742
18246
44355
46624
3206
29925
