42050
20316
3384
22405
42050
20316
42050
20316
42050
29907
47660
7372
47786
45724
4058
44908
42891
24498
30255
24498
45736
31332
18908
46012
5318
13348
43375
1163
43637
42249
18980
8856
29965
33576
36962
43641
24758
16252
24758
1341
14649
1341
20571
13638
45847
8626
11951
16988
8951
38602
43733
24016
43733
34968
19843
18526
39980
33720
45877
39964
13820
26013
19864
15210
31305
18471
32083
38394
931
38394
9452
29334
767
35535
13734
46164
46823
35535
30301
18988
46823
25961
41014
21585
9806
18557
45857
21585
2031
5918
3255
5354
24164
33458
12865
47525
36923
30884
28336
27870
34756
18880
39822
18880
15139
9347
39965
46041
39965
36586
13409
8757
13409
8757
13409
31124
1884
32570
14348
22010
12810
22010
37540
15756
6550
17065
24587
14160
35491
46367
36014
24405
36014
38035
4666
12535
26853
22270
15322
30652
18833
3375
36993
3375
13437
37774
6587
31978
28284
29935
9348
35612
45508
21182
12819
37123
28996
5664
1438
47625
28996
5664
28417
15835
35974
45750
47890
11383
14647
17949
34594
38179
34594
16401
18729
13415
18729
7179
13692
8639
43870
20361
43870
25674
14288
46426
5087
5381
11095
38531
20693
27355
13585
18078
16176
23702
37446
38380
28535
6127
35705
41257
15008
27658
24249
45235
47593
19108
20718
47762
21620
29958
47846
45119
26906
33778
36815
45893
42053
7105
47497
42611
25075
44576
17233
40748
47313
11822
16329
47398
7761
47437
2664
28420
44592
5604
39475
7931
23987
45873
39182
43997
41336
22761
18246
44355
14963
24165
29925
16284
11122
