42050
20316
44326
38148
47660
7372
21582
12202
47786
7372
47786
7372
47786
45724
9961
3301
21746
33490
30255
23089
12174
31332
5318
13348
46432
14834
1257
20071
1257
20071
9837
33543
16098
38762
29164
19102
17142
16252
24384
20299
3251
10146
532
29715
3251
10146
20703
10938
27083
32392
13948
2228
47748
36380
20244
23994
18816
1869
36292
1869
29674
115
36292
37367
45426
15719
30725
14620
23616
12433
29750
1555
14775
47495
10599
1555
314
46527
31063
8421
32267
4200
42615
46527
7963
9271
29091
23745
29091
23745
26258
23270
37069
3213
40490
799
19599
5726
20148
17924
33706
44709
44088
11803
45504
30307
12831
2514
41080
30409
36779
30409
1072
1066
1072
21689
42622
6732
14104
14301
45757
43716
16294
5467
3651
47224
17095
11890
15321
47224
26386
24238
18443
3127
26386
18842
43487
15202
10683
26734
20919
45322
1454
31641
13165
18881
22383
28553
6655
15757
36369
5784
29929
3306
23489
10168
24856
11549
20195
42281
29134
8345
17695
7094
29356
7609
36683
43893
6528
43893
6528
43893
4352
14273
11881
42533
11881
11383
47890
38179
17074
46544
38421
39293
47847
47037
47847
20361
43870
25674
27358
45532
5087
5381
11095
38531
35590
44435
13585
18078
46579
31513
37446
38380
22083
13696
25182
18008
44921
12596
31566
32703
24355
47489
20718
47762
21620
29958
43820
15106
44788
21547
36815
45893
37078
44554
47497
42611
25075
44576
17233
40748
46911
27399
16260
15960
7761
47437
2664
28420
44592
5604
17169
39943
23987
45873
39182
43997
39472
34243
18246
