42050
29907
47660
7372
5133
23698
4058
45724
4058
44908
42891
44908
42891
24498
30255
24498
30255
23089
5318
13348
20483
13348
20483
20184
43637
20184
26664
19316
5800
23426
25130
23426
45631
27350
13469
42268
31495
20594
39545
23971
14649
24163
45847
8626
26869
26292
26869
26292
26869
36395
19322
753
43733
34968
26131
17630
32019
12646
37485
6338
45965
31489
43107
31489
35555
5429
38608
37523
32083
38394
11932
46164
46823
35535
30479
20175
43782
34203
43782
34203
10209
39385
45857
21585
2031
5918
27679
39385
2031
35867
12865
27550
16104
33458
14699
20885
26707
28468
21379
24764
21748
3767
15335
3767
14501
15423
14501
26006
5179
44840
42730
21902
2900
42165
35665
21488
36391
35414
36391
4481
15087
5033
22395
14630
30246
36978
6550
37277
30246
29015
8352
25434
30293
43222
35636
549
35636
24331
45635
6447
4358
30084
41483
13117
28486
8040
13562
23398
47116
6559
43894
36150
43894
16485
32295
16485
17695
7094
29356
7609
23501
35430
8264
22351
1788
10788
11881
11383
14647
17949
16529
17949
34594
16401
18729
13415
37513
24423
38421
46104
24610
16401
27815
731
24610
16401
18729
7179
47847
20361
43870
25674
14288
46426
46224
40769
11095
38531
36763
22384
13585
18078
39607
46220
37446
38380
28535
6127
18082
39910
44921
12596
24249
45235
47593
19108
28406
28342
21620
29958
47846
45119
44788
21547
293
46851
37078
44554
47497
42611
25075
44576
2550
40153
38862
34075
16260
15960
7761
47437
22194
45969
44592
5604
17169
39943
47874
22324
47900
26726
39472
