42050
20316
44326
38148
47660
7372
27956
16846
19553
33836
41293
23698
41293
23698
19553
45931
21746
33490
11431
30463
12174
40745
32872
30369
8859
24049
9837
24049
21851
13358
3237
13358
1152
18069
44830
2976
20703
10938
24885
17733
12173
28971
20244
36380
13441
46608
20244
36380
13441
10320
17180
16775
2126
39707
1887
35638
8020
42331
8020
42331
8020
42331
25475
35638
34869
40866
35630
11378
35630
11378
30580
31171
33233
5005
35630
14303
30592
25549
30668
14303
45386
45960
38258
31696
31781
7252
15192
9687
15192
10443
8580
5625
43549
43500
11142
9992
43549
43500
8580
5625
6067
15032
40054
15032
44634
46265
34144
38685
4469
28842
21267
47145
21267
31324
11987
3334
46891
2851
44789
27390
6381
37345
47595
31269
19694
1925
28676
5213
14539
25106
12520
9710
43282
43677
32356
961
27185
30068
34326
36428
15840
25351
37987
32638
37987
32638
34326
36428
23984
28613
18583
16057
16539
18292
36902
39865
46260
24271
2684
2244
39998
45304
6274
7236
40896
3575
18434
19559
45684
15682
42209
47737
19123
7586
23594
44898
35224
31414
41164
25458
47672
41644
40424
22134
24505
29406
46257
40498
41716
39005
39171
24408
47847
20361
43870
25674
27358
45532
46224
40769
11095
38531
35590
44435
13585
18078
39607
46220
6741
24678
28535
6127
18082
39910
44921
12596
24249
45235
41230
42679
20718
47762
21620
29958
43820
15106
44788
21547
36815
45893
37078
44554
36592
44291
25075
44576
2550
40153
38862
34075
16260
15960
7761
47437
2664
28420
44592
5604
17169
39943
16847
