42050
20316
42050
29907
13137
41748
5133
23698
41293
2598
42891
24498
45736
34544
3720
10651
12703
26235
36728
19739
13195
29854
10371
29854
10371
29854
32358
17432
29919
17432
10013
33207
10013
25617
26579
21938
22654
29976
1551
2786
41307
4276
19029
32153
16833
30093
1992
12804
23913
12804
23913
12804
13451
7976
40513
10320
1887
7976
12746
47641
12746
47641
24053
16511
9781
18222
30983
19962
33630
46698
28913
25825
32265
38346
20943
32178
29414
18781
25070
7973
8192
24210
24800
24210
24800
24210
11142
2608
21885
12815
44634
13720
36672
16435
26456
45591
26934
44625
26934
44625
13857
32937
37240
21357
35892
22686
38434
8018
25963
31269
10178
44651
19694
47817
35728
20344
434
1434
43282
43677
15840
25351
15840
25351
18583
16057
23984
28613
15840
25351
35139
12679
37987
32638
18583
16057
18583
16057
16539
18292
37034
18292
9296
33162
25321
24271
5066
14830
43789
34957
44688
38993
8831
32837
6274
13593
7810
16664
3083
18876
3083
29891
44755
8081
24951
19559
36302
36290
45468
26227
46007
15386
23594
44898
26119
42380
41164
25458
47672
41644
40424
22134
24505
29406
31068
35201
17074
46544
38421
39293
47847
20361
43870
25674
27358
45532
46224
40769
11095
38531
35590
44435
13585
18078
39607
46220
37446
38380
28535
6127
35705
41257
44921
12596
2400
23828
47593
19108
20718
47762
21620
29958
47846
45119
44788
21547
36815
45893
9588
4711
47497
42611
417
7515
17233
40748
593
44067
16260
15960
7761
47437
22194
45969
44592
5604
17169
39943
23987
45873
47900
