42050
29907
8139
42307
47786
45724
4058
45724
4058
45724
4058
45724
4058
44908
42891
24498
45736
31332
12174
31332
35314
30463
12703
30369
32872
2097
21851
14733
9837
24049
21851
14733
9837
33543
7600
25488
16848
19380
29164
19102
46396
38762
19924
29649
6399
29715
20703
8790
41126
21937
6905
31904
19029
976
28994
11527
26092
4255
3761
19683
42758
22878
13140
13651
28184
26259
13140
34748
8491
16891
23616
12433
8811
47495
10599
1555
22788
10562
28768
10246
42615
36208
26258
39573
23446
24143
30438
32483
19326
21424
40490
799
43523
45820
46304
41186
5451
24983
34849
36332
39451
5726
39538
30302
20148
17924
21487
7120
14827
13680
37539
13680
8425
30242
29564
3004
29564
39478
42622
21200
42622
21200
18907
1540
46859
11780
37697
21902
24156
11002
15897
9561
17260
15485
15897
9561
15897
20339
26754
31449
14783
26734
1454
12882
10683
5784
29929
25127
36369
5784
29929
3306
458
39629
11917
22820
35447
2703
879
37859
46587
3051
11271
19439
9847
39981
25492
39981
25492
39981
35293
2139
10625
36764
2081
21960
40956
30227
40424
22134
24505
29406
46257
40498
17074
46544
9922
47037
13692
8639
43870
25674
43801
45675
43518
3869
11095
38531
35590
44435
13585
18078
39607
46220
1964
46802
28535
6127
18082
39910
44921
12596
31566
32703
47593
19108
20718
47762
21620
29958
47846
45119
44788
21547
36815
45893
37078
44554
47497
42611
417
7515
17233
40748
47313
11822
30361
13559
7761
47437
2664
28420
18483
38625
17169
39943
23987
45873
39182
43997
39472
