42050
20316
42050
29907
47660
29907
47660
29907
47660
29907
47660
29907
13137
41748
5133
42307
47786
45724
4058
44908
30854
3301
21746
40635
42891
24498
11431
30463
12174
40745
27796
12593
47719
7689
39983
27729
46630
11268
31495
20594
14649
24163
36755
38217
34658
16277
34658
33388
11951
32227
32512
15079
32512
43478
8951
43478
8951
38602
20821
10436
32019
12646
39980
33720
39980
14795
2366
14795
13019
12669
47404
2966
31063
18516
3323
5115
24663
2258
30438
40411
42240
29840
26597
16457
13754
41398
12558
32483
19326
21424
47140
19194
40490
3213
6308
24719
46304
41186
39538
29132
40696
16579
41080
30409
45781
38175
17171
38175
42622
6732
37697
21902
34877
14301
42730
21902
34282
24091
16294
5467
22107
27810
15087
35105
15087
35105
14348
22010
19776
45154
44927
33240
35129
25242
22501
35090
8352
37969
21391
2584
21391
2584
21391
13815
30293
30084
20195
42281
33410
23398
24449
13841
47116
6559
24449
13841
23251
26271
6917
46576
18675
35115
18675
40501
23932
12411
28269
22351
6528
43893
47028
46873
42565
15117
20581
15835
28038
45975
18823
16430
39299
46104
9922
46544
38421
39293
44177
6989
43870
25674
27358
45532
43518
3869
20449
20613
35590
44435
13585
18078
39607
46220
45481
26012
28535
6127
25182
18008
44921
12596
24249
45235
47593
19108
20718
47762
10053
37541
47846
45119
44788
21547
36815
45893
37078
44554
47497
42611
25075
44576
17233
40748
47313
11822
16260
15960
7761
47437
22194
45969
44592
5604
42024
32466
23987
45873
39182
43997
39472
34243
33317
