42050
29907
47660
29907
1991
27022
27956
16846
41293
23698
9961
3301
12001
45931
30854
3301
15370
2823
19095
29607
46639
29607
11689
33158
47394
14371
47394
17886
43132
17886
42754
20740
43132
17537
10677
31842
22618
42714
26579
21938
18801
43557
43928
43557
38457
45471
16833
38300
14031
42493
41978
5239
28679
46741
21261
47641
12746
9619
30983
19962
33630
19962
35630
11378
20349
21124
45386
45960
11661
13098
27062
22809
4447
5657
33917
32178
25070
7973
8192
24210
14131
18328
21311
41313
9850
31676
3573
14105
20313
37337
7525
11878
19599
5726
3652
33912
26044
22686
29170
43247
18380
7120
46997
20645
18380
7120
29170
12496
8425
24426
8425
24426
37395
39458
28676
5213
35390
18417
11325
15706
9078
25065
8655
9561
43681
1477
22013
13229
14783
26734
47915
28553
13165
43410
458
37859
29959
20428
9862
43350
19770
41055
17206
10230
29134
8345
3587
8345
6402
42708
36683
42708
23501
2209
28269
27067
23932
46873
12710
6232
34609
31174
14647
17949
41716
39005
39171
39005
18729
7179
44177
6989
43870
25674
27358
45532
43518
3869
11095
38531
35590
44435
13585
18078
16176
23702
37446
38380
28535
6127
18082
39910
44921
12596
7298
18870
47593
19108
20718
47762
21620
29958
47846
45119
44788
21547
36815
45893
37078
44554
47497
42611
25075
44576
17233
40748
47313
11822
16260
15960
7761
47437
2664
28420
44592
5604
39475
7931
23987
45873
39182
43997
34517
8810
18246
44355
46624
3206
29925
16284
11122
18231
29289
39747
44037
12389
31724
40988
11238
34440
39674
