42050
29907
47660
7372
21582
12202
21582
23181
1267
40635
21746
40635
42891
24498
17090
37706
3720
10651
18908
42781
32897
14733
21851
14733
9837
24049
9008
23142
3237
19102
6399
18069
44830
2976
43582
22486
20703
10938
33620
41203
28994
11527
32512
15079
13441
46608
26092
28971
13441
10320
11991
4255
12746
9619
25475
36825
2637
5517
33630
46698
11569
33891
35702
15693
10599
8421
31063
18516
11384
40411
30438
40411
368
19194
18865
40468
13754
41398
33276
40478
19326
47007
46304
799
20966
24719
19599
1196
1422
41033
39538
29132
12831
2514
27057
23424
17178
28295
22012
21354
29352
4444
42730
772
16294
5467
22107
27810
30212
37588
41853
36978
44927
35090
11492
34079
35636
24331
36431
24331
45635
12535
31141
12409
47116
45231
2397
45231
2397
33732
13437
15179
18648
19104
43001
7609
12570
22569
43001
28752
4352
14273
25129
45750
12819
2844
147
17265
38998
13415
24610
30091
19780
32056
19780
3314
11419
14677
46116
42985
14288
44593
27358
45532
46224
40769
11095
38531
35590
44435
13585
18078
39607
46220
37446
38380
22083
13696
18082
39910
15008
27658
24249
45235
47593
19108
20718
47762
22233
34902
47846
45119
44788
21547
20700
47887
37078
44554
47497
42611
25075
44576
17233
40748
47313
11822
16329
47398
7761
47437
2664
28420
18483
38625
42024
32466
23987
45873
39182
43997
41336
22761
18246
44355
14963
24165
29925
16284
11122
18231
29289
39747
44037
12389
22061
40831
44817
16480
47634
2135
24257
43059
35989
38735
852
9077
9959
18521
25531
19981
45227
