42050
20316
42050
20316
42050
29907
12803
2331
13137
41748
47786
7372
27956
41748
27956
16846
1267
40635
42891
24498
33797
33490
30255
23089
18908
42781
43375
42781
20483
13348
43375
42781
43375
42781
27796
40745
20483
20184
1257
34717
26725
9468
29164
43641
6823
33576
11624
32392
10909
16277
29154
14718
32512
43478
23481
24016
20253
40294
19843
34968
26131
35480
38880
10199
38880
10199
37647
30082
42842
17848
45965
26744
45965
31489
22179
21033
4696
21033
8202
18101
1494
23962
17658
18101
3323
19092
6844
18516
6844
24432
42240
17632
12558
32483
12558
32483
19326
47007
18754
15159
3255
27550
40696
26184
29811
30554
26431
10261
45781
22533
45781
38175
17171
38175
15335
46336
40615
15350
34877
2958
34062
2256
1884
32570
17151
32570
17151
32570
31122
7726
2828
36126
13601
15756
22372
43578
34804
23427
42232
17065
24587
14160
36171
14160
13577
46787
22648
13002
27439
34079
27439
24405
36014
24405
4358
17709
26853
22270
31292
10608
32643
38135
36993
3375
4652
15236
16933
29298
21408
8762
21408
8762
45461
5428
684
35842
8817
16323
45319
37123
1438
47625
12819
2844
147
17265
34594
16401
27815
32056
19780
3314
39879
12363
37186
6989
28432
3314
13838
8639
43870
20361
13838
8639
13838
8639
46116
37234
37186
35227
27358
45532
46224
40769
36351
31360
35590
44435
13585
18078
39607
46220
37446
38380
28535
6127
18082
39910
15008
27658
24249
45235
47593
19108
20718
47762
21620
29958
47846
45119
44788
21547
36815
45893
37078
44554
25413
44032
25075
44576
17233
