42050
29907
47660
7372
47786
7372
21582
12202
13434
24752
29613
27554
21700
37706
17228
23916
2452
11604
32897
14733
9837
24049
9008
23142
1152
29038
16098
23142
39969
38815
39969
29649
19924
10146
41126
21937
14129
2786
14031
6064
14129
2786
27702
27025
45658
42493
12173
2228
45658
46608
13441
46608
30541
31432
23913
39707
1887
35638
8020
5517
13140
13651
23198
40866
2637
38155
43822
40099
11661
46698
28913
25825
27062
10562
25070
7973
20943
43373
42662
10443
24800
39441
21311
30802
21885
12815
28429
12474
36672
16435
29719
20248
1422
41033
41861
43247
18018
33912
18018
33912
45504
30307
46997
20645
47595
31269
37395
39458
28481
1925
1824
10290
35390
18417
32356
38187
8655
38187
9078
25065
9078
25065
9078
34931
43681
1477
22013
46505
22013
46505
2054
10200
22665
27202
6722
1477
6722
1477
6722
1477
40557
44985
40557
44985
3768
37596
8591
45582
28036
41165
35610
3575
35610
27540
38976
24938
33533
36386
46916
31622
2499
40940
25742
34204
45123
28643
23594
44898
26119
42380
2081
21960
47672
41644
40424
22134
24505
29406
46257
40498
17074
46544
9922
47037
47847
20361
43870
25674
27358
45532
43518
3869
20449
20613
36763
22384
13585
18078
39607
46220
37446
38380
22083
13696
18082
39910
15008
27658
24249
45235
47593
19108
20718
47762
21620
29958
47846
45119
44788
21547
36815
45893
37078
44554
47497
42611
25075
44576
9414
45419
47313
11822
16260
15960
7761
47437
2664
28420
44592
5604
42024
32466
23987
45873
39182
43997
39472
34243
18246
44355
14963
