42050
20316
3384
22405
3384
28641
19341
11108
5133
23698
34791
10414
30854
8454
11431
8454
17090
26235
12703
26235
2452
23916
2452
23916
18610
26253
13195
29854
32358
17537
32358
17432
22618
42714
39969
38815
46895
25617
46895
25617
39567
5301
45574
22829
6756
14716
17934
38300
40578
34533
45658
42493
45658
46608
21261
47641
12746
47641
3106
1270
3106
1270
3106
1270
9781
18222
1231
11378
33630
46698
11661
46698
28913
31690
38258
21124
45386
28540
4447
7973
20943
32178
15192
9687
29414
18781
29414
14448
21478
14448
21478
30802
47647
2608
21311
41313
4469
12474
4469
12474
4469
28842
7525
28842
9490
16435
32010
42888
44421
20627
47610
36357
14827
36357
46997
20645
46997
24426
25963
46971
34043
39458
1824
10290
35390
10290
14539
25106
12520
961
46859
11780
32356
961
27185
30068
19458
43677
19458
43677
34326
5098
7141
28637
1740
32597
22665
27202
40557
44985
47578
45582
28800
8553
16992
43622
1946
30442
1946
17691
33360
16473
23489
10168
30861
31622
37661
43350
9847
42785
11271
47249
35293
21844
25492
46576
2081
21960
40956
30227
42565
15117
34609
31174
46257
40498
41716
39005
38421
39293
44177
6989
43870
25674
27358
45532
46224
40769
20449
20613
35590
44435
13585
18078
39607
46220
37446
38380
28535
6127
18082
39910
15008
27658
31566
32703
41230
42679
20718
47762
4065
13310
30282
31885
8198
8046
36815
45893
42053
7105
25413
44032
25075
44576
17233
40748
47313
11822
16260
15960
7761
47437
2664
28420
44592
5604
17169
39943
16847
38332
39182
